1,	0.4162;
2,	0.4269;
3,	0.4105;
4,	0.4181;
5,	0.456;
6,	0.5101;
7,	0.5329;
8,	0.5097;
9,	0.4239;
10,	0.34;
11,	0.3449;
12,	0.3853;
13,	0.3971;
14,	0.3285;
15,	0.2681;
16,	0.24;
17,	0.2647;
18,	0.3013;
19,	0.3159;
20,	0.4055;
21,	0.4641;
22,	0.4513;
23,	0.4208;
24,	0.3821;
25,	0.3305;
26,	0.2733;
27,	0.2396;
28,	0.2629;
29,	0.3196;
30,	0.3703;
31,	0.4534;
32,	0.5552;
33,	0.5953;
34,	0.5905;
35,	0.5485;
36,	0.5021;
37,	0.4882;
38,	0.4705;
39,	0.4453;
40,	0.4199;
41,	0.3959;
42,	0.3873;
43,	0.4019;
44,	0.4511;
45,	0.5096;
46,	0.5226;
47,	0.4761;
48,	0.3957;
49,	0.324;
50,	0.2955;
51,	0.3121;
52,	0.3601;
53,	0.397;
54,	0.4306;
55,	0.4644;
56,	0.4782;
57,	0.4783;
58,	0.4515;
59,	0.4125;
60,	0.391;
61,	0.3973;
62,	0.4172;
63,	0.4362;
64,	0.4447;
65,	0.477;
66,	0.4924;
67,	0.4522;
68,	0.4326;
69,	0.4585;
70,	0.4893;
71,	0.5027;
72,	0.4907;
73,	0.4404;
74,	0.3797;
75,	0.3584;
76,	0.374;
77,	0.3967;
78,	0.4307;
79,	0.5058;
80,	0.5876;
81,	0.6116;
82,	0.5603;
83,	0.4829;
84,	0.4155;
85,	0.3878;
86,	0.4162;
87,	0.4774;
88,	0.5335;
89,	0.5605;
90,	0.5362;
91,	0.4333;
92,	0.3019;
93,	0.2591;
94,	0.2797;
95,	0.2992;
96,	0.3107;
97,	0.309;
98,	0.2907;
99,	0.2671;
100,	0.2664;
101,	0.3404;
102,	0.4674;
103,	0.5083;
104,	0.4611;
105,	0.4031;
106,	0.3694;
107,	0.367;
108,	0.4048;
109,	0.432;
110,	0.399;
111,	0.3417;
112,	0.3082;
113,	0.3497;
114,	0.4654;
115,	0.5691;
116,	0.5936;
117,	0.535;
118,	0.4278;
119,	0.3153;
120,	0.2372;
121,	0.2027;
122,	0.1823;
123,	0.1716;
124,	0.1623;
125,	0.1524;
126,	0.1869;
127,	0.2374;
128,	0.2687;
129,	0.2589;
130,	0.248;
131,	0.2835;
132,	0.3504;
133,	0.4122;
134,	0.4376;
135,	0.4303;
136,	0.4109;
137,	0.4023;
138,	0.3857;
139,	0.3553;
140,	0.3343;
141,	0.3285;
142,	0.3761;
143,	0.4784;
144,	0.5752;
145,	0.6046;
146,	0.5485;
147,	0.4391;
148,	0.3559;
149,	0.3393;
150,	0.3264;
151,	0.2976;
152,	0.2683;
153,	0.2409;
154,	0.249;
155,	0.297;
156,	0.3581;
157,	0.4374;
158,	0.4962;
159,	0.4895;
160,	0.4518;
161,	0.4247;
162,	0.453;
163,	0.5066;
164,	0.5258;
165,	0.5028;
166,	0.4805;
167,	0.4821;
168,	0.4634;
169,	0.4615;
170,	0.4593;
171,	0.4545;
172,	0.4509;
173,	0.4174;
174,	0.3392;
175,	0.2481;
176,	0.1887;
177,	0.2051;
178,	0.294;
179,	0.38;
180,	0.4517;
181,	0.4804;
182,	0.5145;
183,	0.5188;
184,	0.5197;
185,	0.5185;
186,	0.4768;
187,	0.3931;
188,	0.305;
189,	0.2846;
190,	0.3367;
191,	0.4304;
192,	0.6028;
193,	0.7107;
194,	0.6787;
195,	0.5673;
196,	0.4328;
197,	0.3471;
198,	0.3101;
199,	0.2843;
200,	0.2626;
201,	0.2936;
202,	0.3887;
203,	0.475;
204,	0.5336;
205,	0.5545;
206,	0.4855;
207,	0.3669;
208,	0.301;
209,	0.2809;
210,	0.2898;
211,	0.2993;
212,	0.2714;
213,	0.2244;
214,	0.1788;
215,	0.128;
216,	0.0816;
217,	0.1127;
218,	0.2637;
219,	0.4076;
220,	0.5072;
221,	0.5303;
222,	0.4583;
223,	0.3308;
224,	0.2286;
225,	0.2283;
226,	0.3156;
227,	0.3989;
228,	0.401;
229,	0.352;
230,	0.3085;
231,	0.2831;
232,	0.3068;
233,	0.3956;
234,	0.5179;
235,	0.5935;
236,	0.5665;
237,	0.4793;
238,	0.4133;
239,	0.4051;
240,	0.4038;
241,	0.3692;
242,	0.3351;
243,	0.3409;
244,	0.3785;
245,	0.4011;
246,	0.3957;
247,	0.423;
248,	0.4709;
249,	0.4812;
250,	0.4531;
251,	0.3928;
252,	0.3364;
253,	0.3201;
254,	0.3568;
255,	0.4254;
256,	0.4927;
257,	0.5149;
258,	0.462;
259,	0.433;
260,	0.4524;
261,	0.4857;
262,	0.5132;
263,	0.505;
264,	0.4439;
265,	0.3527;
266,	0.2773;
267,	0.271;
268,	0.3198;
269,	0.4251;
270,	0.5306;
271,	0.5592;
272,	0.5164;
273,	0.4534;
274,	0.4143;
275,	0.4256;
276,	0.4473;
277,	0.4329;
278,	0.3898;
279,	0.3491;
280,	0.3219;
281,	0.3294;
282,	0.3909;
283,	0.5222;
284,	0.5651;
285,	0.5254;
286,	0.4547;
287,	0.4188;
288,	0.4434;
289,	0.4901;
290,	0.5187;
291,	0.5064;
292,	0.4463;
293,	0.354;
294,	0.2526;
295,	0.216;
296,	0.2693;
297,	0.3955;
298,	0.48;
299,	0.4179;
300,	0.3007;
301,	0.2401;
302,	0.219;
303,	0.2184;
304,	0.2406;
305,	0.3136;
306,	0.4079;
307,	0.454;
308,	0.4343;
309,	0.3895;
310,	0.3656;
311,	0.3769;
312,	0.3954;
313,	0.414;
314,	0.4255;
315,	0.4146;
316,	0.394;
317,	0.4061;
318,	0.4192;
319,	0.4148;
320,	0.4527;
321,	0.4841;
322,	0.4913;
323,	0.479;
324,	0.4436;
325,	0.3784;
326,	0.2883;
327,	0.2327;
328,	0.2216;
329,	0.2429;
330,	0.3179;
331,	0.4136;
332,	0.4587;
333,	0.461;
334,	0.4178;
335,	0.3748;
336,	0.3623;
337,	0.3984;
338,	0.4568;
339,	0.4698;
340,	0.4181;
341,	0.3389;
342,	0.269;
343,	0.2449;
344,	0.2675;
345,	0.3442;
346,	0.4785;
347,	0.5649;
348,	0.5447;
349,	0.4639;
350,	0.3681;
351,	0.2961;
352,	0.2772;
353,	0.2747;
354,	0.2745;
355,	0.2748;
356,	0.2802;
357,	0.2942;
358,	0.3311;
359,	0.3908;
360,	0.4375;
361,	0.4616;
362,	0.4546;
363,	0.4301;
364,	0.4036;
365,	0.3695;
366,	0.3432;
367,	0.3274;
368,	0.3223;
369,	0.2992;
370,	0.3003;
371,	0.3657;
372,	0.4382;
373,	0.49;
374,	0.5472;
375,	0.5644;
376,	0.5324;
377,	0.4594;
378,	0.3472;
379,	0.255;
380,	0.2312;
381,	0.2527;
382,	0.3149;
383,	0.4068;
384,	0.4832;
385,	0.4945;
386,	0.4655;
387,	0.4627;
388,	0.4667;
389,	0.4575;
390,	0.441;
391,	0.3914;
392,	0.3087;
393,	0.236;
394,	0.1945;
395,	0.1998;
396,	0.2518;
397,	0.3344;
398,	0.4074;
399,	0.4923;
400,	0.5571;
401,	0.5173;
402,	0.4332;
403,	0.3705;
404,	0.3258;
405,	0.3043;
406,	0.2957;
407,	0.2955;
408,	0.3504;
409,	0.4372;
410,	0.5431;
411,	0.6458;
412,	0.6869;
413,	0.6339;
414,	0.5239;
415,	0.4368;
416,	0.4164;
417,	0.3936;
418,	0.3325;
419,	0.2534;
420,	0.2223;
421,	0.225;
422,	0.2762;
423,	0.3561;
424,	0.4299;
425,	0.453;
426,	0.4421;
427,	0.4124;
428,	0.3658;
429,	0.3111;
430,	0.2759;
431,	0.2709;
432,	0.2859;
433,	0.3346;
434,	0.4126;
435,	0.4973;
436,	0.5261;
437,	0.5008;
438,	0.4784;
439,	0.4716;
440,	0.4967;
441,	0.5118;
442,	0.4726;
443,	0.4008;
444,	0.3358;
445,	0.3092;
446,	0.2988;
447,	0.3039;
448,	0.372;
449,	0.4706;
450,	0.5052;
451,	0.4877;
452,	0.4515;
453,	0.4028;
454,	0.3733;
455,	0.3487;
456,	0.3144;
457,	0.316;
458,	0.3434;
459,	0.3738;
460,	0.4477;
461,	0.4979;
462,	0.5259;
463,	0.5211;
464,	0.4828;
465,	0.4493;
466,	0.4432;
467,	0.4575;
468,	0.4946;
469,	0.5618;
470,	0.6337;
471,	0.6505;
472,	0.5874;
473,	0.5034;
474,	0.4315;
475,	0.3733;
476,	0.3312;
477,	0.2792;
478,	0.2467;
479,	0.2832;
480,	0.3441;
481,	0.3863;
482,	0.4646;
483,	0.5088;
484,	0.5016;
485,	0.5056;
486,	0.515;
487,	0.4949;
488,	0.4333;
489,	0.3483;
490,	0.276;
491,	0.2458;
492,	0.2506;
493,	0.3094;
494,	0.4674;
495,	0.6371;
496,	0.6801;
497,	0.5676;
498,	0.4305;
499,	0.328;
500,	0.2689;
501,	0.2304;
502,	0.2137;
503,	0.2299;
504,	0.2486;
505,	0.2493;
506,	0.2929;
507,	0.3596;
508,	0.3722;
509,	0.3721;
510,	0.404;
511,	0.4346;
512,	0.4532;
513,	0.4589;
514,	0.4593;
515,	0.4443;
516,	0.4109;
517,	0.3651;
518,	0.3729;
519,	0.4441;
520,	0.5217;
521,	0.5951;
522,	0.6106;
523,	0.5283;
524,	0.3814;
525,	0.2793;
526,	0.3035;
527,	0.3264;
528,	0.2703;
529,	0.2137;
530,	0.2162;
531,	0.2279;
532,	0.2434;
533,	0.3142;
534,	0.4495;
535,	0.5379;
536,	0.5329;
537,	0.4918;
538,	0.4514;
539,	0.4268;
540,	0.4183;
541,	0.4039;
542,	0.3869;
543,	0.3862;
544,	0.4334;
545,	0.5036;
546,	0.5118;
547,	0.4573;
548,	0.3815;
549,	0.3278;
550,	0.316;
551,	0.3513;
552,	0.3793;
553,	0.3656;
554,	0.3098;
555,	0.2688;
556,	0.2643;
557,	0.3086;
558,	0.3815;
559,	0.4969;
560,	0.59;
561,	0.609;
562,	0.5837;
563,	0.5421;
564,	0.4846;
565,	0.4231;
566,	0.3822;
567,	0.3899;
568,	0.4656;
569,	0.5607;
570,	0.5869;
571,	0.5279;
572,	0.4512;
573,	0.3819;
574,	0.3151;
575,	0.2821;
576,	0.3057;
577,	0.3401;
578,	0.3518;
579,	0.358;
580,	0.3654;
581,	0.3542;
582,	0.3786;
583,	0.4423;
584,	0.5102;
585,	0.5367;
586,	0.5271;
587,	0.4791;
588,	0.4052;
589,	0.3282;
590,	0.2815;